Case #1:
685269518825 153343365071 409569176727 182251711835 219752861503 18136150640 399189277664 327211512177
684971615669 153635442114 411445565875 180381147556 220594475091 17297030317 397472911452 328925386368
Case #2:
568326907926 507152480910 314164339289 458068514782 706689535805 656008116506 955428806395 225116810140
566193407972 509280828859 314549269810 457688732995 710814179918 651886963408 953077746232 227464382559
Case #3:
242296553472 34270954960 824383661069 248139720808 586148499992 557160156627 42813124344 645767887121 943276032795 506907784377 822350453518 336089466309 558476131979 937412108283 965098984062
242156471262 34410412882 824633720832 247890281197 586811167227 556497922783 42419281920 646258360320 943180268649 506753480642 822503463019 335008571714 559550785673 938696082606 963821248990
Case #4:
94111517434 521500420550 963377778688 717547873673 167565731639 818432438459 655556100397 577363394439
93042478313 522556816618 965289415964 715648876557 170059175255 815946009263 653197194646 579715288663
Case #5:
898000076330 779832717729 56682534907 224924373252 617787015555 967468553297 617690670781 650243634257 771764774953 821422785949 803119910157 709155498172 762150291187 617238961499 401356675153 501112592847
897606604667 780221832663 59663046427 221948215720 618928534955 966346633779 617478301660 650436406235 772150530589 821038011015 801365318424 710909110642 762102265433 617286201842 401413803844 501056248130
Case #6:
852555986750 852714119950 265533646393 540439540361 18257677828 885330429224 17232280649 372108654418
851059687756 854207461958 267685205872 538290911232 18702252673 884887543941 16108152528 373231119613
Case #7:
301326816018 236931116412 214731304398 463309242368 709738008373 513301448738 843288700439 797548859030 340913029120 667369136025 246101758366 337592723800 732862857849 325834182169 517742422942 173792034596
300593772993 237655801509 218671639757 459377249049 711045735302 512000739445 842786078393 798044479324 343094685597 665188869870 245515901457 338177195650 732750458829 325946336825 519432059725 172102636918
Case #8:
602025547522 656786721154 663297803087 761688123453 690720682611 839906334731 882462069725 850547411015
600439869150 658365058853 664179862708 760813388990 690824944955 839802521742 881035492904 851973553996
Case #9:
54794147969 504977180421 760530636913 547331086647 196643658174 289125799558 164115349449 833281159800
51135599897 508625510114 764206298570 543665605940 202588923367 283182044552 158961711215 838433325276
Case #10:
996388322824 654528685469 838354334120 802026003784 841469114220 915639128751 505296706767 905025297127 556093078384 991159238953 763840032359 879060714620 553069074156 851663455142 982185265253 999679367939
994473398388 656437036827 840551345976 799835563560 842232617757 914876731267 505116266591 905204632694 556400645761 990854354752 763672415522 879225649465 551030315407 853696332290 982504838917 999365674694
